00000006 14040201 17:41 05
00000003 14040201 17:56 05
00000008 14040201 17:59 05
00000022 14040202 06:40 04
00000056 14040202 07:40 04
00000009 14040202 08:02 04
00000019 14040202 08:03 04
00000016 14040202 08:07 04
00000059 14040202 08:09 00
00000038 14040202 08:10 04
00000051 14040202 08:11 04
00000011 14040202 08:12 00
00000013 14040202 08:12 04
00000026 14040202 08:17 00
00000037 14040202 08:21 04
00000002 14040202 08:23 04
00000008 14040202 08:26 04
00000027 14040202 08:31 04
00000020 14040202 08:31 04
00000004 14040202 08:31 04
00000025 14040202 08:39 04
00000031 14040202 08:47 04
00000006 14040202 08:53 04
00000024 14040202 09:15 04
00000010 14040202 10:18 04
00000037 14040202 13:06 05
00000022 14040202 14:35 05
00000010 14040202 15:41 05
00000056 14040202 16:59 05
00000027 14040202 17:00 05
00000009 14040202 17:01 05
00000031 14040202 17:03 05
00000019 14040202 17:03 05
00000003 14040202 17:08 05
00000051 14040202 17:12 05
00000016 14040202 17:13 05
00000008 14040202 17:17 05
00000059 14040202 17:19 00
00000002 14040202 17:20 05
00000026 14040202 17:22 00
00000038 14040202 17:25 05
00000024 14040202 17:28 05
00000013 14040202 17:32 05
00000006 14040202 17:34 05
00000020 14040202 17:38 05
00000004 14040202 17:39 05
00000025 14040202 17:41 05
00000022 14040203 06:36 04
00000030 14040203 07:50 00
00000013 14040203 07:53 04
00000008 14040203 07:57 04
00000026 14040203 07:59 04
00000016 14040203 08:04 04
00000051 14040203 08:05 04
00000019 14040203 08:05 04
00000059 14040203 08:12 00
00000002 14040203 08:13 04
00000006 14040203 08:16 04
00000023 14040203 08:16 04
00000025 14040203 08:19 04
00000020 14040203 08:23 04
00000004 14040203 08:23 04
00000038 14040203 08:25 04
00000027 14040203 08:27 04
00000009 14040203 08:27 04
00000011 14040203 08:34 00
00000056 14040203 08:54 04
00000010 14040203 09:10 04
00000031 14040203 11:42 04
00000022 14040203 14:38 05
00000026 14040203 15:34 05
00000011 14040203 16:05 00
00000030 14040203 16:25 00
00000056 14040203 17:02 05
00000016 14040203 17:08 05
00000019 14040203 17:08 05
00000008 14040203 17:08 05
00000051 14040203 17:10 05
00000002 14040203 17:13 05
00000023 14040203 17:14 05
00000031 14040203 17:15 05
00000010 14040203 17:19 05
00000027 14040203 17:21 05
00000009 14040203 17:22 05
00000013 14040203 17:22 05
00000004 14040203 17:24 05
00000038 14040203 17:36 05
00000025 14040203 17:39 05
00000006 14040203 17:46 05
00000059 14040203 18:07 00
00000020 14040203 18:09 05
00000022 14040206 06:40 04
00000010 14040206 07:06 04
00000056 14040206 07:40 04
00000007 14040206 07:47 04
00000030 14040206 07:49 00
00000015 14040206 07:55 04
00000023 14040206 07:58 04
00000019 14040206 08:01 04
00000016 14040206 08:01 04
00000027 14040206 08:06 04
00000009 14040206 08:06 04
00000006 14040206 08:08 04
00000002 14040206 08:10 04
00000059 14040206 08:14 00
00000013 14040206 08:14 04
00000014 14040206 08:20 04
00000020 14040206 08:21 04
00000004 14040206 08:22 04
00000026 14040206 08:31 00
00000038 14040206 08:34 04
00000025 14040206 08:35 04
00000008 14040206 08:46 05
00000011 14040206 08:50 00
00000024 14040206 09:29 04
00000003 14040206 10:19 04
00000031 14040206 10:30 04
00000051 14040206 10:40 04
00000022 14040206 14:19 05
00000003 14040206 14:54 05
00000056 14040206 16:51 05
00000007 14040206 16:58 05
00000015 14040206 16:58 05
00000031 14040206 17:00 05
00000023 14040206 17:00 05
00000030 14040206 17:00 00
00000051 14040206 17:05 05
00000019 14040206 17:06 05
00000016 14040206 17:07 05
00000008 14040206 17:07 05
00000038 14040206 17:11 05
00000025 14040206 17:15 05
00000010 14040206 17:20 05
00000009 14040206 17:22 05
00000059 14040206 17:23 00
00000024 14040206 17:23 05
00000027 14040206 17:24 04
00000004 14040206 17:24 05
00000020 14040206 17:24 05
00000002 14040206 17:25 05
00000026 14040206 17:25 00
00000013 14040206 17:25 04
00000014 14040206 17:25 04
00000006 14040206 17:26 05
00000011 14040206 18:00 00
00000022 14040207 06:37 04
00000010 14040207 07:04 04
00000023 14040207 07:34 04
00000056 14040207 07:42 04
00000030 14040207 07:50 00
00000027 14040207 07:54 04
00000031 14040207 07:54 04
00000009 14040207 07:54 04
00000059 14040207 07:57 00
00000033 14040207 07:57 04
00000015 14040207 07:59 04
00000007 14040207 08:01 04
00000019 14040207 08:08 04
00000022 14040201 07:51 04
00000023 14040201 09:48 04
00000030 14040201 09:49 00
00000056 14040201 09:53 04
00000008 14040201 09:53 04
00000009 14040201 09:54 04
00000031 14040201 09:54 05
00000027 14040201 09:55 04
00000016 14040201 10:00 04
00000002 14040201 10:01 04
00000051 14040201 10:01 04
00000019 14040201 10:02 04
00000020 14040201 10:08 04
00000004 14040201 10:08 04
00000006 14040201 10:10 04
00000025 14040201 10:12 04
00000038 14040201 10:16 04
00000026 14040201 10:17 00
00000024 14040201 10:22 04
00000010 14040201 10:43 04
00000003 14040201 11:22 04
00000022 14040201 14:29 05
00000056 14040201 16:01 05
00000010 14040201 16:12 05
00000023 14040201 16:59 05
00000030 14040201 17:03 00
00000019 14040201 17:03 05
00000031 14040201 17:05 05
00000027 14040201 17:05 05
00000009 14040201 17:06 05
00000016 14040201 17:06 05
00000059 14040201 17:10 00
00000004 14040201 17:11 05
00000024 14040201 17:13 05
00000020 14040201 17:14 05
00000011 14040201 17:18 00
00000013 14040201 17:21 05
00000026 14040201 17:21 00
00000038 14040201 17:35 05
00000025 14040201 17:37 05
00000016 14040207 08:10 04
00000013 14040207 08:15 04
00000002 14040207 08:18 04
00000008 14040207 08:19 04
00000038 14040207 08:19 04
00000011 14040207 08:24 00
00000014 14040207 08:26 04
00000006 14040207 08:28 04
00000025 14040207 08:32 04
00000004 14040207 08:32 04
00000020 14040207 08:33 04
00000026 14040207 08:34 00
00000024 14040207 08:57 04
00000022 14040207 14:26 05
00000010 14040207 16:26 05
00000056 14040207 16:47 05
00000015 14040207 16:58 05
00000007 14040207 16:58 05
00000023 14040207 16:59 05
00000031 14040207 16:59 05
00000030 14040207 17:00 00
00000027 14040207 17:00 05
00000033 14040207 17:00 05
00000009 14040207 17:04 05
00000059 14040207 17:06 00
00000038 14040207 17:07 05
00000008 14040207 17:18 05
00000016 14040207 17:18 05
00000013 14040207 17:22 05
00000011 14040207 17:23 00
00000014 14040207 17:23 05
00000024 14040207 17:23 05
00000026 14040207 17:28 00
00000019 14040207 17:32 05
00000006 14040207 17:32 05
00000020 14040207 17:40 05
00000004 14040207 17:40 05
00000025 14040207 17:46 05
00000003 14040207 17:48 04
00000023 14040209 07:45 04
00000031 14040209 07:45 04
00000034 14040209 07:45 04
00000056 14040209 07:46 04
00000030 14040209 07:47 00
00000010 14040209 07:49 04
00000051 14040209 07:50 04
00000015 14040209 07:51 04
00000059 14040209 07:56 00
00000033 14040209 07:57 04
00000016 14040209 07:59 04
00000019 14040209 08:00 04
00000024 14040209 08:02 04
00000006 14040209 08:04 04
00000002 14040209 08:09 04
00000027 14040209 08:11 04
00000009 14040209 08:12 04
00000020 14040209 08:17 04
00000025 14040209 08:18 04
00000038 14040209 08:18 04
00000011 14040209 08:23 00
00000026 14040209 08:27 00
00000014 14040209 08:36 04
00000003 14040209 09:07 04
00000004 14040209 11:54 04
00000023 14040209 14:27 05
00000022 14040209 14:29 05
00000030 14040209 15:34 00
00000020 14040209 15:56 05
00000010 14040209 16:23 05
00000004 14040209 16:28 05
00000019 14040209 16:40 05
00000056 14040209 16:48 05
00000007 14040209 16:53 05
00000034 14040209 16:55 05
00000031 14040209 16:55 05
00000027 14040209 16:56 05
00000051 14040209 16:56 05
00000015 14040209 16:56 05
00000016 14040209 17:00 00
00000003 14040210 15:13 05
00000056 14040210 16:45 05
00000034 14040210 16:46 05
00000007 14040210 16:51 05
00000015 14040210 16:53 05
00000030 14040210 16:55 00
00000027 14040210 16:58 05
00000023 14040210 16:59 05
00000033 14040210 17:00 05
00000016 14040210 17:03 05
00000051 14040210 17:03 05
00000008 14040210 17:03 05
00000009 14040210 17:05 05
00000002 14040210 17:06 05
00000059 14040210 17:07 00
00000026 14040210 17:10 00
00000004 14040210 17:23 05
00000020 14040210 17:24 05
00000011 14040210 17:25 00
00000038 14040210 17:29 05
00000014 14040210 17:30 04
00000024 14040210 17:42 05
00000019 14040210 18:04 05
00000006 14040210 18:06 05
00000010 14040210 18:42 05
00000022 14040213 06:33 04
00000056 14040213 07:39 04
00000023 14040213 07:40 04
00000031 14040213 07:40 05
00000030 14040213 07:43 00
00000034 14040213 07:44 04
00000007 14040213 07:53 04
00000027 14040213 07:53 04
00000009 14040213 07:53 04
00000015 14040213 07:57 04
00000019 14040213 07:57 04
00000008 14040213 08:02 00
00000006 14040213 08:02 00
00000016 14040213 08:03 04
00000020 14040213 08:12 04
00000007 14040214 07:44 04
00000019 14040214 07:53 04
00000015 14040214 07:55 04
00000051 14040214 07:55 04
00000059 14040214 07:57 00
00000033 14040214 07:58 04
00000016 14040214 07:59 04
00000002 14040214 08:07 04
00000010 14040214 08:07 04
00000013 14040214 08:12 04
00000009 14040214 08:12 04
00000008 14040214 08:12 04
00000006 14040214 08:15 04
00000025 14040214 08:22 04
00000024 14040214 08:25 04
00000020 14040214 08:29 04
00000026 14040214 08:29 00
00000038 14040214 08:29 04
00000004 14040214 08:29 04
00000011 14040214 08:38 00
00000014 14040214 08:46 04
00000027 14040214 08:49 04
00000003 14040214 09:07 04
00000010 14040214 12:37 05
00000034 14040214 12:48 04
00000022 14040214 14:24 05
00000006 14040214 15:21 05
00000056 14040214 16:47 05
00000031 14040214 16:55 05
00000015 14040214 16:55 05
00000023 14040214 16:56 05
00000007 14040214 16:56 05
00000051 14040214 16:56 05
00000027 14040214 16:57 05
00000034 14040214 16:57 05
00000030 14040214 16:58 00
00000016 14040214 17:00 05
00000019 14040214 17:00 05
00000033 14040214 17:05 05
00000059 14040214 17:08 00
00000004 14040215 17:05 05
00000020 14040215 17:07 05
00000002 14040215 17:08 05
00000059 14040215 17:09 00
00000009 14040215 17:09 05
00000011 14040215 17:09 00
00000026 14040215 17:12 00
00000013 14040215 17:12 05
00000038 14040215 17:15 05
00000025 14040215 17:15 05
00000022 14040216 06:38 04
00000056 14040216 07:38 04
00000007 14040216 07:46 04
00000030 14040216 07:48 00
00000015 14040216 07:51 04
00000016 14040216 07:56 04
00000006 14040216 07:57 04
00000059 14040216 08:00 00
00000031 14040216 08:00 04
00000027 14040216 08:01 04
00000010 14040216 08:03 04
00000002 14040216 08:03 04
00000033 14040216 08:03 04
00000009 14040216 08:04 04
00000019 14040216 08:04 04
00000013 14040216 08:08 04
00000051 14040216 08:11 04
00000026 14040216 08:15 00
00000011 14040216 08:18 00
00000008 14040216 08:19 04
00000038 14040216 08:21 04
00000025 14040216 08:24 04
00000020 14040216 08:27 04
00000004 14040216 08:27 04
00000003 14040216 08:35 04
00000014 14040216 08:41 04
00000034 14040216 10:20 04
00000023 14040216 11:32 04
00000006 14040216 14:17 05
00000022 14040216 14:29 05
00000013 14040217 08:14 04
00000038 14040217 08:15 04
00000026 14040217 08:18 00
00000008 14040217 08:18 04
00000025 14040217 08:22 04
00000004 14040217 08:23 04
00000020 14040217 08:24 04
00000011 14040217 08:38 04
00000024 14040217 08:48 04
00000003 14040217 09:35 04
00000034 14040217 11:16 04
00000022 14040217 12:36 05
00000006 14040217 15:21 05
00000003 14040217 15:50 05
00000034 14040217 16:27 05
00000030 14040217 16:31 00
00000010 14040217 16:48 05
00000014 14040217 17:02 05
00000015 14040217 17:03 05
00000019 14040217 17:04 05
00000051 14040217 17:05 05
00000008 14040217 17:06 05
00000033 14040217 17:07 05
00000059 14040217 17:07 00
00000016 14040217 17:07 05
00000031 14040217 17:07 05
00000009 14040217 17:08 05
00000027 14040217 17:08 05
00000007 14040217 17:09 05
00000038 14040217 17:10 05
00000002 14040217 17:11 05
00000026 14040217 17:14 00
00000013 14040217 17:15 00
00000020 14040217 17:24 05
00000004 14040217 17:24 05
00000024 14040217 17:28 05
00000011 14040217 17:29 00
00000025 14040217 17:31 05
00000002 14040218 11:59 04
00000026 14040218 12:02 00
00000008 14040220 17:59 05
00000031 14040220 17:59 05
00000027 14040220 17:59 05
00000023 14040220 17:59 05
00000019 14040220 18:00 05
00000011 14040220 18:00 00
00000024 14040220 18:00 05
00000007 14040220 18:01 05
00000016 14040220 18:01 05
00000051 14040220 18:02 05
00000038 14040220 18:02 05
00000004 14040220 18:04 05
00000020 14040220 18:07 05
00000025 14040220 18:09 05
00000026 14040220 18:10 00
00000002 14040220 18:10 05
00000014 14040220 18:11 05
00000013 14040220 18:11 05
00000022 14040221 06:34 04
00000056 14040221 07:36 04
00000007 14040221 07:37 04
00000031 14040221 07:46 04
00000030 14040221 07:50 00
00000015 14040221 07:52 04
00000009 14040221 07:56 04
00000006 14040221 07:58 04
00000019 14040221 07:58 04
00000051 14040221 08:04 04
00000016 14040221 08:07 04
00000002 14040221 08:14 04
00000013 14040221 08:16 04
00000038 14040221 08:16 04
00000004 14040221 08:27 04
00000026 14040221 08:28 00
00000059 14040221 08:30 00
00000011 14040221 08:32 00
00000027 14040221 08:42 04
00000014 14040221 09:07 04
00000003 14040221 09:11 04
00000008 14040221 09:24 05
00000030 14040222 17:00 00
00000057 14040222 17:16 04
00000010 14040222 17:46 05
00000056 14040222 17:56 05
00000051 14040222 17:57 05
00000015 14040222 17:57 05
00000031 14040222 17:59 05
00000023 14040222 17:59 05
00000011 14040222 18:00 00
00000019 14040222 18:00 05
00000016 14040222 18:00 05
00000002 14040222 18:00 05
00000004 14040222 18:01 05
00000033 14040222 18:01 05
00000008 14040222 18:01 05
00000020 14040222 18:02 05
00000038 14040222 18:02 05
00000026 14040222 18:02 00
00000003 14040222 18:03 05
00000014 14040222 18:03 05
00000009 14040222 18:04 05
00000057 14040222 18:04 05
00000022 14040223 06:30 04
00000056 14040223 07:48 04
00000030 14040223 07:50 00
00000019 14040223 07:54 04
00000015 14040223 07:58 04
00000031 14040223 07:58 04
00000057 14040223 07:59 04
00000023 14040223 07:59 04
00000033 14040223 08:00 04
00000006 14040223 08:01 04
00000009 14040223 08:02 04
00000026 14040223 08:07 00
00000002 14040223 08:13 04
00000013 14040223 08:16 04
00000038 14040223 08:17 04
00000010 14040223 08:18 04
00000025 14040223 08:19 04
00000024 14040223 08:35 04
00000022 14040208 06:35 04
00000010 14040208 06:57 04
00000056 14040208 07:39 04
00000030 14040208 07:53 00
00000019 14040208 10:02 04
00000009 14040208 10:04 04
00000022 14040208 14:26 05
00000059 14040208 14:41 00
00000003 14040208 15:09 05
00000056 14040208 16:55 05
00000030 14040208 16:55 00
00000007 14040208 16:56 05
00000027 14040208 16:56 05
00000015 14040208 16:56 05
00000034 14040208 16:57 05
00000033 14040208 16:58 05
00000023 14040208 16:58 05
00000031 14040208 16:58 05
00000016 14040208 16:59 05
00000011 14040208 16:59 00
00000051 14040208 17:01 05
00000008 14040208 17:02 05
00000019 14040208 17:02 05
00000009 14040208 17:03 05
00000006 14040208 17:05 05
00000020 14040208 17:05 05
00000004 14040208 17:06 05
00000002 14040208 17:08 05
00000038 14040208 17:11 05
00000010 14040208 17:12 05
00000014 14040208 17:12 05
00000025 14040208 17:18 05
00000022 14040209 06:36 04
00000007 14040209 07:35 04
00000033 14040209 17:02 05
00000059 14040209 17:05 00
00000024 14040209 17:11 05
00000009 14040209 17:13 05
00000006 14040209 17:17 05
00000038 14040209 17:20 05
00000011 14040209 17:22 00
00000025 14040209 17:24 05
00000002 14040209 17:41 05
00000014 14040209 17:42 05
00000003 14040209 17:44 05
00000013 14040209 17:47 05
00000022 14040210 06:34 04
00000056 14040210 07:44 04
00000030 14040210 07:48 00
00000007 14040210 07:49 04
00000023 14040210 07:51 04
00000031 14040210 07:51 04
00000034 14040210 07:51 04
00000015 14040210 07:58 04
00000027 14040210 07:58 04
00000008 14040210 07:59 04
00000059 14040210 08:00 00
00000033 14040210 08:00 04
00000016 14040210 08:02 04
00000019 14040210 08:05 04
00000009 14040210 08:05 04
00000010 14040210 08:08 04
00000038 14040210 08:09 04
00000051 14040210 08:13 04
00000002 14040210 08:15 04
00000026 14040210 08:17 00
00000020 14040210 08:22 04
00000004 14040210 08:22 04
00000025 14040210 08:23 04
00000011 14040210 08:29 00
00000014 14040210 08:30 04
00000006 14040210 08:41 04
00000024 14040210 08:57 04
00000022 14040210 14:28 05
00000010 14040213 08:13 04
00000038 14040213 08:13 04
00000004 14040213 08:13 04
00000033 14040213 08:14 04
00000059 14040213 08:16 00
00000002 14040213 08:18 04
00000026 14040213 08:20 00
00000025 14040213 08:28 04
00000051 14040213 09:02 04
00000014 14040213 09:15 04
00000013 14040213 10:28 04
00000034 14040213 10:51 05
00000024 14040213 11:44 04
00000030 14040213 14:13 00
00000022 14040213 14:28 05
00000023 14040213 16:45 05
00000056 14040213 16:53 05
00000015 14040213 16:55 05
00000007 14040213 17:00 05
00000009 14040213 17:00 05
00000031 14040213 17:01 05
00000016 14040213 17:04 05
00000011 14040213 17:07 05
00000019 14040213 17:12 05
00000025 14040213 17:18 05
00000010 14040213 17:18 05
00000033 14040213 17:18 05
00000002 14040213 17:18 05
00000059 14040213 17:18 00
00000006 14040213 17:23 05
00000038 14040213 17:24 05
00000024 14040213 17:25 05
00000004 14040213 17:25 05
00000014 14040213 17:29 05
00000013 14040213 17:31 05
00000026 14040213 17:31 00
00000022 14040214 06:36 04
00000056 14040214 07:33 04
00000031 14040214 07:41 04
00000023 14040214 07:41 04
00000026 14040214 17:09 00
00000038 14040214 17:10 05
00000009 14040214 17:11 05
00000008 14040214 17:23 05
00000013 14040214 17:28 05
00000011 14040214 17:31 00
00000014 14040214 17:32 05
00000024 14040214 17:33 05
00000025 14040214 17:36 05
00000003 14040214 17:36 05
00000020 14040214 17:36 05
00000004 14040214 17:37 05
00000024 14040215 10:08 04
00000004 14040215 10:08 04
00000037 14040215 10:08 04
00000011 14040215 10:11 00
00000025 14040215 10:13 04
00000016 14040215 10:31 04
00000003 14040215 10:52 04
00000010 14040215 11:03 04
00000051 14040215 11:06 04
00000008 14040215 11:16 04
00000022 14040215 14:37 05
00000006 14040215 15:31 05
00000010 14040215 16:10 05
00000003 14040215 16:15 05
00000030 14040215 16:51 00
00000007 14040215 16:59 05
00000056 14040215 16:59 05
00000015 14040215 17:00 05
00000019 14040215 17:00 05
00000027 14040215 17:00 05
00000016 14040215 17:00 05
00000031 14040215 17:00 05
00000023 14040215 17:01 05
00000014 14040215 17:02 05
00000008 14040215 17:03 05
00000033 14040215 17:04 05
00000024 14040215 17:04 05
00000010 14040216 16:27 05
00000034 14040216 16:59 05
00000030 14040216 17:02 00
00000003 14040216 17:04 05
00000056 14040216 17:05 05
00000019 14040216 17:05 05
00000033 14040216 17:09 05
00000009 14040216 17:10 05
00000059 14040216 17:11 00
00000002 14040216 17:12 05
00000038 14040216 17:18 05
00000011 14040216 17:20 00
00000007 14040216 17:21 05
00000023 14040216 17:21 05
00000015 14040216 17:22 05
00000004 14040216 17:23 05
00000016 14040216 17:23 05
00000008 14040216 17:23 05
00000031 14040216 17:23 05
00000026 14040216 17:24 00
00000013 14040216 17:27 05
00000014 14040216 17:48 05
00000027 14040216 17:29 05
00000020 14040216 17:31 05
00000025 14040216 18:10 05
00000031 14040217 07:33 04
00000007 14040217 07:39 04
00000030 14040217 07:46 00
00000015 14040217 07:53 04
00000014 14040217 07:53 04
00000033 14040217 08:00 04
00000006 14040217 08:02 04
00000059 14040217 08:02 00
00000019 14040217 08:04 04
00000051 14040217 08:04 04
00000016 14040217 08:06 04
00000002 14040217 08:06 04
00000027 14040217 08:10 04
00000009 14040217 08:11 04
00000010 14040217 08:11 04
00000013 14040218 12:26 04
00000009 14040218 13:50 04
00000009 14040218 16:21 05
00000002 14040218 17:04 05
00000026 14040218 17:04 00
00000013 14040218 17:04 05
00000022 14040220 07:15 04
00000007 14040220 07:40 04
00000020 14040220 10:01 04
00000004 14040220 10:02 04
00000015 14040220 10:03 04
00000027 14040220 10:03 04
00000051 14040220 10:03 04
00000023 14040220 10:03 04
00000031 14040220 10:03 04
00000024 14040220 10:03 04
00000056 14040220 10:03 04
00000013 14040220 10:06 04
00000008 14040220 10:11 04
00000038 14040220 10:11 04
00000025 14040220 10:11 04
00000003 14040220 10:12 04
00000010 14040220 10:48 04
00000019 14040220 11:09 04
00000016 14040220 11:23 04
00000002 14040220 11:57 00
00000022 14040220 14:30 05
00000056 14040220 14:48 05
00000003 14040220 16:11 05
00000009 14040220 16:34 05
00000006 14040220 16:44 05
00000010 14040220 17:05 05
00000059 14040220 17:33 00
00000030 14040220 17:36 00
00000015 14040220 17:59 05
00000025 14040221 10:11 04
00000024 14040221 10:18 04
00000033 14040221 11:28 04
00000022 14040221 14:30 05
00000006 14040221 15:10 05
00000030 14040221 15:38 00
00000056 14040221 16:51 05
00000015 14040221 16:55 05
00000031 14040221 16:59 05
00000007 14040221 17:00 05
00000009 14040221 17:01 05
00000027 14040221 17:01 05
00000008 14040221 17:04 05
00000019 14040221 17:04 05
00000051 14040221 17:05 05
00000033 14040221 17:06 05
00000016 14040221 17:08 05
00000002 14040221 17:09 05
00000024 14040221 17:11 05
00000026 14040221 17:14 00
00000025 14040221 17:17 05
00000038 14040221 17:20 05
00000011 14040221 17:24 00
00000003 14040221 17:29 05
00000004 14040221 17:35 05
00000059 14040221 17:41 00
00000013 14040221 17:47 05
00000014 14040221 17:54 05
00000022 14040222 07:41 04
00000003 14040222 10:13 04
00000024 14040222 10:18 04
00000013 14040222 10:29 04
00000010 14040222 10:46 04
00000027 14040222 12:01 04
00000022 14040222 14:41 05
00000007 14040222 15:07 05
00000027 14040222 15:58 05
00000006 14040222 16:02 05
00000059 14040222 16:32 00
00000020 14040223 08:36 04
00000008 14040223 08:38 04
00000051 14040223 08:40 04
00000011 14040223 08:41 00
00000016 14040223 08:56 04
00000022 14040223 09:03 05
00000003 14040223 09:09 04
00000004 14040223 09:25 04
00000022 14040223 10:24 04
00000022 14040223 14:28 05
00000006 14040223 14:59 05
00000036 14040223 08:00 04
00000010 14040223 16:10 05
00000020 14040223 16:32 05
00000056 14040223 16:51 05
00000015 14040223 16:55 05
00000051 14040223 16:56 05
00000023 14040223 16:56 05
00000030 14040223 16:57 00
00000031 14040223 16:58 05
00000007 14040223 16:59 05
00000016 14040223 17:00 05
00000019 14040223 17:00 05
00000008 14040223 17:01 05
00000004 14040223 17:01 05
00000057 14040223 17:05 05
00000033 14040223 17:05 05
00000002 14040223 17:07 05
00000009 14040223 17:08 05
00000011 14040223 17:17 00
00000036 14040223 17:18 05
00000026 14040223 17:18 05
00000025 14040223 17:24 05
00000024 14040223 17:24 05
00000038 14040223 17:34 05
00000013 14040223 17:44 05
00000003 14040223 17:48 05
00000022 14040224 07:56 04
00000022 14040224 14:22 05
00000006 14040224 16:11 05
00000019 14040224 16:31 05
00000030 14040224 16:58 00
00000015 14040224 17:52 05
00000031 14040224 17:53 05
00000056 14040224 17:53 05
00000051 14040224 17:53 05
00000023 14040224 17:53 05
00000008 14040224 17:54 05
00000011 14040224 17:55 00
00000016 14040224 17:56 05
00000033 14040224 17:57 05
00000004 14040224 17:58 05
00000020 14040224 17:58 05
00000057 14040224 17:58 05
00000009 14040224 17:59 05
00000002 14040224 17:59 05
00000036 14040224 18:00 05
00000026 14040224 18:00 00
00000013 14040224 18:00 05
00000038 14040224 18:00 05
00000051 14040225 08:36 04
00000051 14040225 13:31 05
00000051 14040226 09:07 04
00000051 14040226 13:28 05
00000022 14040227 07:48 04
00000007 14040227 09:19 04
00000033 14040227 09:20 04
00000023 14040227 09:44 04
00000031 14040227 09:45 04
00000015 14040227 09:48 04
00000036 14040227 09:48 04
00000056 14040227 09:54 04
00000057 14040227 09:57 04
00000030 14040227 09:57 00
00000016 14040227 09:58 04
00000059 14040227 18:04 00
00000014 14040227 18:04 05
00000020 14040227 18:05 05
00000009 14040227 18:06 05
00000027 14040227 18:06 05
00000026 14040227 18:09 00
00000036 14040227 18:10 05
00000013 14040227 18:12 05
00000057 14040227 18:14 05
00000022 14040228 06:38 04
00000007 14040228 07:49 04
00000030 14040228 07:51 00
00000056 14040228 07:51 05
00000015 14040228 07:53 04
00000009 14040228 07:55 04
00000027 14040228 07:55 04
00000023 14040228 07:55 04
00000031 14040228 07:55 04
00000019 14040228 07:58 04
00000016 14040228 08:00 04
00000006 14040228 08:02 04
00000036 14040228 08:05 04
00000051 14040228 08:09 04
00000057 14040228 08:10 04
00000026 14040228 08:10 00
00000059 14040228 08:11 00
00000033 14040228 08:12 04
00000002 14040228 08:16 04
00000011 14040228 08:21 00
00000038 14040228 08:25 04
00000004 14040228 08:29 04
00000025 14040228 08:30 04
00000013 14040228 08:31 04
00000020 14040228 08:31 04
00000008 14040228 08:44 04
00000024 14040228 08:53 04
00000014 14040228 09:02 04
00000003 14040228 09:08 04
00000010 14040228 11:37 04
00000022 14040230 14:34 05
00000023 14040229 09:53 04
00000031 14040229 09:56 04
00000051 14040229 09:58 04
00000016 14040229 09:59 04
00000019 14040229 10:02 04
00000027 14040229 10:09 04
00000057 14040229 10:09 04
00000008 14040229 10:14 04
00000036 14040229 10:14 04
00000030 14040229 10:15 00
00000003 14040229 10:17 04
00000059 14040229 10:21 00
00000025 14040229 10:28 04
00000020 14040229 10:53 04
00000010 14040229 11:10 04
00000022 14040229 14:28 05
00000006 14040229 16:32 05
00000030 14040229 17:00 00
00000007 14040229 17:51 05
00000015 14040229 17:55 05
00000056 14040229 17:55 05
00000019 14040229 18:00 05
00000051 14040229 18:00 05
00000008 14040229 18:01 05
00000016 14040229 18:01 05
00000031 14040229 18:01 05
00000023 14040229 18:01 05
00000009 14040229 18:01 05
00000002 14040229 18:02 05
00000057 14040229 18:03 05
00000020 14040229 18:03 05
00000027 14040229 18:03 05
00000004 14040229 18:04 05
00000014 14040229 18:05 05
00000036 14040229 18:09 05
00000026 14040229 18:09 05
00000013 14040229 18:14 05
00000003 14040229 18:30 05
00000010 14040229 18:47 05
00000025 14040229 18:49 05
00000004 14040230 17:30 05
00000027 14040230 17:30 05
00000002 14040230 17:41 05
00000014 14040230 17:41 05
00000013 14040230 17:41 00
00000003 14040230 17:44 05
00000020 14040230 18:04 05
00000059 14040230 18:05 00
00000022 14040231 07:22 04
00000019 14040231 08:55 04
00000007 14040231 09:20 04
00000023 14040231 09:42 04
00000031 14040231 09:42 04
00000057 14040231 09:43 04
00000015 14040231 09:49 04
00000059 14040231 09:54 00
00000056 14040231 09:56 04
00000026 14040231 10:00 00
00000004 14040231 10:05 04
00000014 14040231 10:06 04
00000016 14040231 10:07 04
00000051 14040231 10:07 04
00000020 14040231 10:07 04
00000027 14040231 10:11 04
00000009 14040231 10:12 04
00000030 14040231 10:12 00
00000025 14040231 10:12 04
00000038 14040231 10:14 04
00000003 14040231 10:15 04
00000013 14040231 10:16 04
00000036 14040231 10:17 04
00000008 14040231 10:21 04
00000010 14040231 11:34 04
00000022 14040231 14:29 05
00000003 14040231 15:47 05
00000030 14040231 17:01 00
00000019 14040231 17:30 05
00000010 14040231 17:50 05
00000056 14040231 17:58 05
00000031 14040231 17:58 05
00000026 14040227 09:58 00
00000006 14040227 10:01 04
00000014 14040227 10:02 04
00000059 14040227 10:03 00
00000009 14040227 10:05 05
00000027 14040227 10:05 04
00000019 14040227 10:06 04
00000004 14040227 10:06 04
00000020 14040227 10:06 04
00000038 14040227 10:10 04
00000003 14040227 10:12 04
00000008 14040227 10:13 05
00000024 14040227 10:29 04
00000025 14040227 10:46 04
00000051 14040227 11:04 04
00000010 14040227 11:18 04
00000022 14040227 14:05 05
00000003 14040227 14:39 05
00000006 14040227 16:14 05
00000008 14040227 16:14 05
00000011 14040227 16:27 05
00000010 14040227 16:28 05
00000025 14040227 16:29 05
00000024 14040227 17:43 05
00000007 14040227 17:54 05
00000056 14040227 17:54 05
00000015 14040227 17:55 05
00000031 14040227 17:56 05
00000023 14040227 17:56 05
00000019 14040227 18:00 05
00000016 14040227 18:00 05
00000030 14040227 18:03 00
00000038 14040227 18:03 05
00000033 14040227 18:03 05
00000022 14040228 14:32 05
00000023 14040228 14:45 05
00000006 14040228 15:22 05
00000056 14040228 16:55 05
00000015 14040228 16:56 05
00000007 14040228 16:57 05
00000031 14040228 16:59 05
00000019 14040228 17:00 05
00000008 14040228 17:01 05
00000030 14040228 17:01 00
00000016 14040228 17:01 05
00000051 14040228 17:04 05
00000013 14040228 17:04 05
00000038 14040228 17:04 05
00000057 14040228 17:06 05
00000009 14040228 17:06 05
00000027 14040228 17:07 05
00000033 14040228 17:12 05
00000059 14040228 17:13 00
00000002 14040228 17:13 05
00000026 14040228 17:13 05
00000036 14040228 17:13 05
00000010 14040228 17:20 05
00000024 14040228 17:35 05
00000025 14040228 17:36 05
00000014 14040228 17:40 05
00000011 14040228 17:41 05
00000020 14040228 17:47 05
00000004 14040228 17:48 05
00000003 14040228 17:49 05
00000022 14040229 07:46 04
00000007 14040229 09:22 04
00000056 14040229 09:24 04
00000015 14040229 09:41 04
00000006 14040229 09:42 04
00000009 14040229 09:44 04
00000002 14040229 09:47 04
00000014 14040229 09:48 04
00000026 14040229 09:52 00
00000006 14040230 14:42 05
00000059 14040229 18:57 00
00000022 14040230 06:28 04
00000007 14040230 07:40 04
00000019 14040230 07:46 04
00000030 14040230 07:52 00
00000051 14040230 07:56 04
00000016 14040230 07:59 04
00000031 14040230 08:02 04
00000023 14040230 08:04 04
00000057 14040230 08:04 04
00000015 14040230 08:05 04
00000059 14040230 08:05 00
00000036 14040230 08:09 04
00000024 14040230 08:09 04
00000008 14040230 08:10 04
00000013 14040230 08:14 04
00000026 14040230 08:15 00
00000020 14040230 08:23 04
00000002 14040230 08:23 04
00000004 14040230 08:24 04
00000027 14040230 08:27 04
00000014 14040230 08:28 04
00000003 14040230 08:54 04
00000006 14040230 09:17 04
00000025 14040230 09:35 04
00000056 14040230 10:58 04
00000024 14040230 17:00 05
00000019 14040230 17:00 05
00000051 14040230 17:03 05
00000031 14040230 17:03 05
00000030 14040230 17:04 00
00000057 14040230 17:06 05
00000056 14040230 17:08 05
00000016 14040230 17:10 05
00000008 14040230 17:11 05
00000007 14040230 17:13 05
00000023 14040230 17:15 05
00000036 14040230 17:23 05
00000026 14040230 17:23 00
00000007 14040231 17:58 05
00000023 14040231 17:59 05
00000015 14040231 17:59 05
00000009 14040231 18:01 05
00000057 14040231 18:02 05
00000027 14040231 18:02 05
00000025 14040231 18:03 05
00000038 14040231 18:03 05
00000008 14040231 18:04 05
00000020 14040231 18:05 05
00000004 14040231 18:05 05
00000016 14040231 18:06 05
00000014 14040231 18:06 05
00000026 14040231 18:06 00
00000036 14040231 18:07 05
00000013 14040231 18:07 05
00000051 14040231 18:07 05
00000059 14040231 18:08 00
